0.4995
0.498256
0.497018
0.495786
0.49456
0.49334
0.492126
0.490918
0.489716
0.48852
0.487092
0.485909
0.484731
0.483559
0.48216
0.481
0.479846
0.478469
0.477327
0.475964
0.474834
0.473485
0.472367
0.471032
0.469704
0.468604
0.46729
0.465983
0.464684
0.463607
0.462321
0.461042
0.45977
0.458505
0.457247
0.455996
0.454752
0.453515
0.452284
0.45106
0.44964
0.447227
0.44603
0.444642
0.443459
0.442087
0.440917
0.43956
0.438404
0.437063
0.43573
0.434594
0.433276
0.431965
0.430663
0.429369
0.428266
0.426985
0.425532
0.424268
0.423012
0.421763
0.420521
0.419287
0.417885
0.416667
0.415282
0.414079
0.412712
0.411523
0.410172
0.408831
0.407664
0.406339
0.405022
0.403714
0.402414
0.401123
0.39984
0.398565
0.397141
0.395883
0.394633
0.393236
0.392003
0.390625
0.389408
0.388048
0.386698
0.385356
0.384025
0.382702
0.381388
0.380084
0.378788
0.377501
0.376081
0.374813
0.373552
0.372162
0.370782
0.369549
0.368189
0.366838
0.365497
0.364166
0.362713
0.361402
0.360101
0.35868
0.357398
0.355999
0.35461
0.353357
0.351989
0.350631
0.349284
0.347826
0.3465
0.345185
0.343761
0.342349
0.341064
0.339674
0.338295
0.336814
0.335458
0.334113
0.332668
0.331345
0.329924
0.328515
0.327118
0.325733
0.324359
0.322893
0.321543
0.320102
0.318674
0.317259
0.315856
0.314465
0.312989
0.311624
0.310174
0.308737
0.307314
0.305904
0.304414
0.30303
0.301568
0.30012
0.298686
0.297177
0.29577
0.294291
0.292826
0.291375
0.289855
0.288434
0.286944
0.28547
0.28401
0.282486
0.281057
0.279564
0.278009
0.276549
0.275028
0.273523
0.272035
0.27049
0.269034
0.267451
0.265957
0.26441
0.262881
0.26137
0.259808
0.258264
0.256739
0.255167
0.253614
0.25208
0.250501
0.248942
0.247341
0.245761
0.2442
0.242601
0.241022
0.239406
0.237812
0.236239
0.232992
0.231374
0.229727
0.228102
0.226501
0.22482
0.223164
0.221533
0.219877
0.218198
0.216544
0.214869
0.213174
0.211506
0.209776
0.208073
0.204666
0.202922
0.201207
0.199481
0.197707
0.195963
0.194212
0.192456
0.190658
0.188893
0.187091
0.185288
0.183486
0.181686
0.179856
0.178031
0.17618
0.174338
0.172473
0.17059
0.168719
0.166834
0.164908
0.162999
0.161082
0.15916
0.157208
0.155231
0.15328
0.151286
0.149298
0.147275
0.145264
0.143225
0.141183
0.139101
0.137024
0.134935
0.13282
0.130685
0.128551
0.126374
0.124193
0.121996
0.119775
0.117536
0.115274
0.112982
0.110668
0.108342
0.105977
0.103595
0.101184
0.0987459
0.0962742
0.0937647
0.0912326
0.0886525
0.0860437
0.0833959
0.0806972
0.0779606
0.075171
0.0723275
0.06943
0.0664673
0.0634397
0.0603355
0.0571494
0.0538735
0.0504923
0.0469947
0.0433614
